-2.4781,5.7058
3.6017,6.5707
-15.595,2.7199
-0.95605,5.6377
-3.5049,5.4682
-11.134,3.5259
-7.0337,4.284
-3.3929,5.4847
11.784,8.3137
7.9898,7.759
-11.332,3.6057
9.2351,7.9877
-1.5976,4.9727
-5.2958,5.0709
-1.6476,6.2085
-5.9614,5.0965
-5.5823,5.1378
1.9873,6.3616
1.609,6.4029
1.6472,6.4285
-1.8504,5.6714
-10.664,3.6073
-1.6359,5.5888
2.6465,6.5148
-2.7069,5.3335
-0.14686,6.2287
-1.5906,6.4133
-6.4233,4.3356
-3.6216,5.3181
-8.6927,3.8379
-0.83306,6.2197
-10.38,4.2971
-10.013,3.5056
-8.7969,4.7716
-18.81,1.8693
1.7466,6.444
-3.4747,5.6219
-8.5409,4.3172
1.4273,6.9621
-13.028,4.1343
-5.4796,4.9409
-6.1325,4.2305
-3.5028,5.2033
-3.5326,5.061
-9.0566,3.9545
-5.141,4.6531
-5.7734,4.8639
-2.0558,6.1964
0.12787,5.847
0.20295,5.9851
-9.0509,4.5004
-4.6372,5.4163
-10.695,3.9721
-10.223,4.2211
-5.0321,5.239
2.1887,6.3627
-8.6101,4.3825
-3.2581,5.2719
-6.0581,4.5298
0.24086,6.251
-10.108,3.9742
-4.8473,4.9785
-2.4084,5.6124
0.16232,6.3345
2.243,6.5923
-4.5969,5.1373
-11.996,3.6479
-8.4817,4.3023
-9.9793,3.7631
6.0246,7.4769
-7.8874,4.8068
-1.4912,5.5671
-5.9025,5.3591
-0.83205,5.8028
-8.5875,4.1975
-11.577,3.4015
-11.672,3.4119
-2.7102,5.1996
-5.832,4.9296
-5.9196,5.2623
1.6572,6.5105
-3.6323,5.5207
-4.0722,5.5682
2.447,5.8183
-8.7733,4.1809
-1.7325,5.7679
-1.0831,6.0035
-6.1431,4.3982
-3.9884,4.9232
-10.468,4.1045
-10.384,3.8658
-4.5081,5.2566
-1.6123,5.422
7.127,7.0197
-8.128,4.5749
-4.1213,5.5163
-5.3869,5.3812
-14.067,2.7133
-7.0589,4.2018
-13.418,2.8625
-1.0583,5.7945
-9.1652,3.9744
-4.5305,5.4667
-7.5541,4.0672
-3.5764,4.7998
-7.8158,4.4819
-2.7019,5.8065
-1.5321,5.4829
3.0295,6.2854
-5.9105,4.7716
-15.03,2.4869
-8.938,4.1994
1.3536,6.5332
-10.029,4.0328
-0.49273,5.3835
-4.4182,4.9676
1.7387,6.2932
-14.197,3.6302
-5.9273,5.0684
-10.665,3.8251
8.6398,8.1592
-1.1294,5.4971
1.468,6.2248
-9.9633,4.3832
-7.198,4.9741
-6.278,4.9446
0.15207,6.1922
-6.3033,4.5681
-1.7095,5.8832
-14.624,2.7979
-6.6597,4.8226
-8.863,4.2893
-12.397,3.8083
-2.6174,5.3672
-3.6774,5.45
-4.843,5.2558
-11.256,3.4671
0.28841,6.1258
-3.3575,5.7864
-6.4027,4.7448
-4.8926,4.9349
-6.2289,4.8774
-13.209,3.2433
-6.3398,4.8509
-8.8995,4.1644
-9.5929,4.0554
-10.424,4.0205
-7.5026,4.8723
-14.393,3.2061
-0.47736,6.39
-2.5607,4.9269
-5.0939,4.8541
-5.1631,5.0332
-8.7437,3.9987
-0.22194,5.6175
-5.6248,5.0462
-8.3514,4.4873
1.3386,6.3781
-6.0543,4.8958
-7.7628,4.1894
-6.3778,4.5778
-8.9771,4.1564
-10.254,3.7314
6.848,7.5171
2.765,7.2554
-3.5575,5.159
-10.896,3.9765
-9.0594,3.8779
-5.828,5.2084
-1.2879,5.486
-11.248,3.7809
-15.928,2.5903
-11.797,3.7541
-3.4357,5.3232
-3.1644,5.3631
-2.8814,6.2651
-5.6111,4.6973
-4.1384,5.163
-7.2334,5.2999
-0.95676,5.5036
-11.387,3.8496
-2.8657,5.133
-8.9808,4.4764
-6.5708,4.7711
-2.4072,5.7143
-0.12623,5.9183
-10.242,3.9969
0.91301,6.6248
-1.9037,4.9917
-5.3183,4.4742
-5.9157,4.9299
-6.0207,4.6066
-6.4217,4.6256
-4.8919,4.5999
-4.7594,4.794
-1.1254,5.6785
2.1622,6.2603
-2.81,5.2036
-5.9836,4.6798
-2.0676,5.3339
-4.1406,5.5543
-9.83,3.7333
-0.54775,6.4234
-3.5598,5.189
-4.366,4.7202
-2.5833,5.3198
-3.7739,5.5144
-9.416,4.3945
-5.7614,4.8894
-5.6851,4.9409
-7.4954,4.6681
2.8898,6.2023
-9.1075,3.9958
-7.2693,4.0197
-8.3396,4.1902
-10.508,4.1412
-5.9017,5.0179
-6.2855,5.3823
2.1767,6.515
-6.168,4.1529
-9.9916,4.4555
2.5209,6.9
0.79116,6.0202
-6.077,4.8425
-12.065,3.7748
-7.0855,4.6819
-5.7314,5.0468
-3.7051,5.2331
-6.225,4.7385
-2.9202,5.4503
-3.1619,5.1533
-10.866,4.2014
-9.4463,4.0923
-8.4761,4.4826
-7.3819,4.2717
-6.5036,4.3892
-4.9415,4.9863
-19.208,2.0225
-7.1436,4.8985
0.8276,6.3629
-10.003,4.129
-0.62043,5.4883
-3.3568,5.0632
-5.136,5.0292
-4.1442,5.0769
-12.341,3.8623
-5.3965,5.2971
2.5232,6.375
-4.5387,5.3412
-4.8059,5.4333
-8.4436,4.3862
-5.1445,5.4283
-3.9102,5.5226
-3.0001,5.4695
-6.7486,4.8896
-6.1091,4.828
4.492,6.8245
-15.593,2.9344
5.457,7.1492
-3.4167,5.221
-0.3093,6.459
-12.806,3.4658
-7.7675,5.204
-6.3042,4.6497
-3.0173,5.5647
-12.834,3.844
-2.7878,6.2222
-10.689,3.922
-4.6895,4.8406
-1.9402,5.8525
-3.466,4.9415
0.078001,5.9614
-0.28108,6.0419
-8.053,4.7956
-3.7943,5.6519
-9.4295,4.0862
-11.2,3.9925
-0.66218,5.7967
-4.9998,5.1865
-5.2576,5.4875
-0.72643,5.9184
-2.2112,5.4857
-3.3574,5.195
0.8642,6.4016
-0.6389,6.2692
-3.8754,5.8296
-8.2381,4.3529
-8.0561,4.4209
0.59145,5.9653
-12.56,3.9082
-5.1147,4.9553
-14.141,2.9968
-0.21344,6.5951
-0.95819,6.0552
-4.9945,5.2032
-5.3323,4.6484
-16.662,2.7371
-2.2741,5.7043
-15.283,2.5885
-15.878,2.7112
-4.6251,4.9625
-9.4488,4.2389
-3.0699,5.1108
-1.8247,5.9566
-0.97688,6.3263
-8.2418,4.2512
-2.8922,5.4287
-4.528,5.2394
-1.1254,6.1319
-2.4852,5.6616
-0.78853,5.9734
-5.6188,4.7372
-5.6904,4.7935
-0.27312,6.1399
-14.961,3.4372
-7.3667,4.6762
-10.96,3.4408
-6.7945,4.7551
-1.9574,5.5964
-1.127,5.7234
-9.7605,3.9644
-7.2095,4.2999
-4.3573,5.041
-6.369,4.4988
-3.5843,5.1866
-3.1242,5.4168
-9.3619,4.157
-5.8294,4.7695
-15,2.9114
0.37222,6.1084
-7.9507,4.5257
-10.647,4.2065
-6.1911,4.9313
-11.701,3.5485
-5.0978,5.1487
-7.6298,4.3928
5.2147,6.5871
0.33988,5.4302
-16.711,2.1212
-2.93,5.3565
-11.558,3.4839
-6.1963,4.5522
-4.2289,5.1692
-1.4928,5.5315
-6.2807,4.5602
2.3935,6.6842
-7.2558,4.7592
-3.4638,6.0014
-1.8821,5.723
-4.6004,5.0982
-0.86797,5.6833
-3.484,5.255
-8.678,4.2334
-13.468,2.7727
3.7176,6.7106
-7.8355,4.6314
-4.5152,4.9382
-2.3585,5.6797
-4.4672,5.3886
-9.2435,4.4358
-7.1938,4.7704
-5.5858,4.2428
1.9369,6.2597
-9.0376,4.4284
-1.3196,5.8641
-3.5524,5.2975
-6.0969,4.8989
-9.9576,4.3047
-6.3327,4.7708
-5.4066,4.7029
-11.892,3.5394
-4.0986,5.1258
-8.8569,4.464
-5.442,5.0259
-3.423,5.477
-9.2432,4.1738
-6.352,4.6213
-3.3581,5.3531
-13.611,3.2998
-0.14084,5.5996
6.3717,7.3765
-0.50001,6.1821
-6.4811,4.666
-2.9896,5.8547
-9.8592,4.1642
3.808,6.6831
-0.58771,5.8591
-1.307,5.6778
-9.1082,4.2277
-3.4993,5.5198
-7.6186,4.382
-6.4607,4.8305
-7.6736,4.9482
-9.8111,4.2786
-9.2624,4.3609
-5.9845,4.5688
-12.968,3.2194
-2.1501,5.6513
-5.5525,4.8586
-1.7206,5.2125
-3.7352,4.8316
-2.6816,5.7636
-11.956,3.3633
-9.7855,4.6073
-7.0966,3.9445
-4.4857,5.2318
0.29424,6.0831
-6.36,4.5085
0.9172,6.3244
-2.7701,5.2322
0.5071,6.3689
-4.4046,5.1407
-8.0807,3.9075
-11.948,2.8949
-4.2707,5.0691
-1.1607,6.1085
-6.3724,4.7704
-7.5365,4.4965
-6.4477,4.8979
-10.143,3.5549
-7.3124,4.929
-5.8477,4.5745
-4.785,5.0546
-5.2992,4.8363
-2.1326,5.6287
-4.4873,4.5565
3.5085,7.1702
-3.5365,5.4533
3.4638,7.2981
-8.3917,4.7058
-2.5303,5.5084
-6.2207,4.4855
-2.1851,5.0853
-2.2142,5.5746
-15.253,2.9645
-11.224,4.0218
-11.759,3.3493
-3.1152,5.6097
1.8959,6.4307
-6.5329,4.4682
-1.1899,5.9977
-2.4412,5.5983
-9.9326,3.9248
-3.1357,5.9108
-8.5267,4.4505
2.1119,6.4236
-5.1528,5.047
2.6735,6.5941
-6.9937,4.6412
-2.2353,5.6934
-5.2945,4.7695
-14.484,2.8353
-9.6066,4.1595
-2.1271,6.1193
-5.2574,4.8608
-10.247,3.6411
-7.938,4.3318
-3.8297,5.1029
-9.6577,3.955
-0.42708,6.0695
-8.0052,4.3486
3.4843,6.5678
-10.065,3.8388
-4.0657,4.8181
-12.134,3.2983
-8.3941,3.9072
-7.7826,4.2853
-3.1176,5.079
-0.581,5.7044
-3.5906,5.2032
-6.7499,4.3035
-1.175,5.7769
-1.2529,5.8625
-4.4362,4.8437
-2.3206,5.8622
-3.0638,4.9487
-9.6293,3.9426
-1.4373,5.31
-8.0825,4.2723
-7.8326,4.0472
-4.17,5.0076
-6.4423,4.4961
-5.6183,4.5393
-2.2075,4.9888
-0.089919,6.1637
-5.9285,5.3742
-3.4631,5.9414
-6.1177,4.6326
-3.9231,5.2073
-2.9362,5.2908
-7.8934,4.4296
-3.7109,5.0046
-2.1806,5.0353
-4.567,5.0783
3.1137,6.3141
-7.8544,3.8796
-8.4571,4.9625
-13.208,3.2553
-0.72946,5.9874
-0.93302,6.1682
-5.3747,4.4482
-0.78577,5.9785
-4.1384,5.3178
-3.6361,5.3024
-4.4702,5.1529
-2.9364,5.2732
-4.5232,5.3015
8.0738,7.4345
-10.472,3.6561
-13.697,3.4256
-10.35,4.3813
-10.128,3.8421
-7.0338,4.4415
-5.7902,4.9535
-6.025,5.0928
-2.4609,5.7924
-3.1742,5.4497
-1.4764,5.5418
3.3408,6.8837
0.73667,6.1511
-11.019,4.1572
-15.924,2.3684
-0.76957,5.9051
-13.61,3.6026
-4.6869,4.9245
-4.8336,4.8578
5.4463,6.8734
-5.3246,4.855
-7.3796,4.4567
-3.894,5.2648
-3.8471,4.9867
-4.6715,5.0905
-7.8545,4.2458
-10.734,3.723
-3.5155,5.0673
-11.299,3.632
-9.8414,5.0166
1.244,7.2382
-6.9648,4.9216
-5.6582,5.0874
-0.77946,5.5028
-6.4076,4.5472
-0.17185,5.8129
-6.6185,4.8199
-0.24954,6.1079
-2.0482,5.6344
-5.9991,4.6997
-9.0605,3.9083
-9.8926,4.0007
-6.2667,5.0622
-7.0551,4.7002
-6.9169,4.659
-0.38676,6.1291
-6.3963,4.8792
0.36433,5.6413
-7.4935,4.4953
-0.43826,5.8129
-7.4496,3.9253
-4.1718,4.7947
-0.44684,5.8411
-6.9417,4.8356
-7.0557,4.5149
4.3967,6.996
-0.53945,5.6591
-7.0263,3.9771
-1.9562,5.6491
-6.6889,4.3863
-1.6891,6.0079
1.6409,6.8477
-12.526,3.3558
-0.17425,6.3235
1.8385,6.6677
-4.7773,4.6464
3.1907,6.666
-4.2712,5.2227
-10.803,3.9606
-15.288,3.0864
-6.5638,4.8703
-1.6532,5.8759
-3.5112,5.2164
-3.06,5.5038
-7.7068,3.8109
-4.3246,4.8086
-12.686,3.7669
-8.5651,4.0844
-8.8405,4.3068
-2.5623,5.924
-5.0664,4.7357
-10.42,3.6208
-5.0447,4.8519
-8.2355,4.4626
-8.1271,4.3026
-0.94678,5.5533
-4.468,4.6652
-3.1315,5.2778
-0.85381,5.7857
-4.1545,5.022
-2.4163,5.4546
-1.7966,5.3463
0.49064,6.278
-2.768,4.8432
1.624,6.3957
-4.894,5.2104
-5.2245,4.7147
2.98,6.6162
-7.3908,4.5933
-5.0134,4.8239
-0.68544,5.8787
-4.2973,5.26
1.5897,6.0836
-0.14954,6.2277
-3.6324,5.5884
-8.6477,4.3445
-2.342,5.548
-11.485,3.3451
-3.8533,5.3741
-1.2081,5.4327
-4.0007,5.6531
-0.87395,5.9925
4.5632,7.0308
-0.66637,5.7754
-3.748,4.6423
-1.9903,5.2784
-3.0043,5.5112
-11.167,4.4191
-6.9531,4.8093
0.7443,6.2623
-5.2044,4.8053
-2.2682,5.5933
-9.7209,4.3058
-4.6974,4.9903
-2.1844,6.1095
-11.386,3.3496
-3.3696,5.2274
-5.8529,4.8403
-9.4068,3.5475
-5.176,5.1235
-13.894,3.2026
-14.981,2.9812
-10.52,4.095
-9.646,4.344
-10.502,4.1008
-13.093,3.2124
-3.6481,5.2634
-12.477,3.5702
-4.483,4.7513
-1.3083,5.4629
-5.0104,4.8774
-4.5633,5.1112
-6.7737,5.1423
-11.954,3.8024
-5.2055,4.8332
-0.49333,5.7444
3.1531,7.1003
-7.0178,5.3582
-12.633,3.486
-4.2198,5.0245
-3.2352,4.9626
-6.0645,5.0572
-10.389,3.9794
4.495,7.2708
-16.067,2.48
-7.392,4.5786
-11.199,3.5476
-7.9837,4.7493
-3.5091,5.1495
-4.3525,5.1078
-8.3336,4.22
-1.3555,6.0258
-2.0807,5.718
-1.9635,5.3379
-6.9964,4.4132
-0.08172,5.7111
-1.901,5.7765
6.7672,7.5005
-0.011932,5.559
0.42644,5.5722
-4.7515,5.0394
-11.043,3.9606
-6.7412,4.6915
-8.5544,3.8376
-7.6452,4.0213
-2.3962,5.7772
-7.6115,4.4248
-9.1985,4.0323
-6.9199,4.9785
-5.7546,4.621
-3.0801,5.4309
-9.4683,4.2039
-3.5116,5.5357
-4.6341,4.8339
1.2119,6.3714
-5.9999,5.5707
-5.6308,4.4443
-10.494,3.9986
-11.497,3.6062
-3.5436,5.0646
-6.1702,4.526
-2.6372,5.6237
-9.187,4.7967
3.9517,6.6071
-4.4267,5.2698
-0.088979,5.8469
-6.0644,5.3398
-5.7622,4.9977
-1.7634,5.6231
-2.3933,5.708
-10.254,3.9236
-12.189,3.8418
-10.149,3.8944
-11.641,3.3254
-4.7206,5.1267
-6.9289,5.0457
-6.7261,4.3094
-11.383,3.6259
-1.3435,6.0313
-2.939,4.88
-5.4204,5.0904
-0.21024,6.1921
-9.0993,4.2217
-3.0549,5.1806
-3.3657,5.3323
-3.3619,5.3614
-8.4205,4.5641
-3.467,5.5007
-7.415,4.4072
-9.2047,4.5968
-10.644,3.8312
-0.13221,5.7665
-8.9678,4.0647
-5.811,5.0763
-10.669,3.8955
-6.3936,4.9656
-20.16,1.9187
-10.098,4.6585
-11.691,3.1617
-9.7582,3.9094
-6.0003,4.7716
-6.526,4.713
4.12,7.2762
-7.6819,4.5133
-6.1728,4.7277
-12.361,3.5137
-7.2391,4.7539
-11.276,3.5219
-4.8579,5.1562
-0.99867,5.3771
-3.1039,5.3656
-8.2862,4.0622
-12.648,3.2515
1.8481,6.4804
4.6156,6.6495
-4.4348,4.8367
-9.6431,3.6228
0.61805,5.5206
-7.7798,4.3887
-7.2036,4.8772
-0.84252,5.7991
-11.497,3.605
-14.178,2.8275
-3.0268,5.8502
-3.1204,5.3141
-4.5537,5.4562
-2.6703,5.5786
0.076158,5.9641
-0.4482,6.2363
-7.6668,4.7316
-1.2009,5.7457
-4.1874,5.5317
-7.3712,5.0174
-10.597,3.8366
-1.9654,5.5486
-6.6586,4.7749
-4.7822,5.1438
-8.7193,4.467
-12.273,3.4403
-4.1952,5.3663
-5.2915,5.2361
0.62394,6.2004
-1.2397,5.8124
-0.059564,5.6568
-8.5125,3.9508
-9.3918,3.6895
-10.953,3.4315
-2.6643,5.434
8.082,7.2204
-1.5874,6.3315
-8.626,4.4668
-1.0758,5.2195
-10.292,3.5918
-11.681,3.6031
-1.6349,5.2052
-8.6487,4.124
-3.5179,5.6109
1.5972,6.3032
-3.1186,5.3659
-0.63951,5.6094
-12.532,3.3027
-1.8971,5.2535
5.0305,7.1544
-2.4618,5.3916
-12.227,3.7426
-5.9528,5.1541
-7.345,4.8241
-3.2035,5.3576
-3.0674,5.2532
-3.0981,5.0438
-6.7063,4.6844
-7.8108,4.6957
-7.7654,4.3382
-0.99654,5.77
-13.691,3.396
-5.9723,5.0448
-3.7318,4.8598
-8.0618,4.4301
-2.7616,5.5131
-5.3345,4.889
-9.401,4.3516
-4.2431,5.0521
-6.2579,4.5097
-6.9225,4.6846
-8.3364,4.4472
-4.7118,4.9976
-13.659,3.4534
-6.8683,4.1897
-7.5495,4.1754
-9.2772,3.2587
-1.9386,5.7733
-8.444,4.016
-2.4642,5.4473
-0.4229,6.2209
-5.7358,4.8639
-3.697,5.1423
-2.0004,5.3743
-5.3798,4.8545
-2.4631,5.689
-10.922,3.3611
0.20835,6.0461
-9.6415,4.2713
-13.578,2.8447
1.4939,6.5171
-5.2942,5.1325
-2.8944,5.1819
-6.7038,4.2272
-9.787,4.143
-19.414,2.2797
-2.0625,5.7641
-6.3447,4.9401
-5.9256,4.4773
-3.0975,5.5538
-11.657,3.4747
-8.4214,4.1418
0.38144,5.6619
-2.1958,5.8839
-11.01,3.8201
-15.334,3.1692
-7.6794,4.8781
-3.9963,4.8846
-0.57986,6.0855
-4.5604,5.0863
-10.264,4.1811
-3.564,5.6061
-10.499,4.1067
-9.5073,3.8474
-8.0663,4.3371
-10.766,3.895
-6.2709,5.6309
-9.2211,4.4825
-6.34,5.3804
-7.1689,4.6733
-6.9221,4.6666
-7.3618,4.6898
0.78468,6.0344
-2.1374,5.9357
-4.7229,5.0122
-11.881,3.2052
-12.626,3.6858
-14.216,2.6726
7.2195,6.9793
-0.43916,6.0142
-3.7947,4.9784
-9.5696,3.8084
-10.377,3.8545
-2.4313,5.3875
2.3409,6.4387
-12.942,3.4521
-7.1079,4.2393
-5.3954,4.5738
-14.343,2.4967
-1.0542,5.697
-6.9449,4.7895
3.9689,6.6365
-6.8335,4.7664
-3.0808,5.545
-10.358,4.1834
-7.9309,4.6795
-10.482,3.6844
-3.1587,5.135
1.1062,6.2626
-7.7844,4.2429
-2.9532,5.8284
-7.3657,4.9053
-4.5211,5.1248
0.61091,6.0272
-4.4358,5.2595
-9.8632,3.8202
-9.0202,4.1424
-5.7968,4.6874
-5.899,4.8459
-9.061,4.4876
-4.1526,5.3827
0.94055,6.5377
-6.1781,4.501
-5.9595,4.8544
-15.326,2.6105
-8.6328,4.3655
-11.535,3.7551
-6.8116,4.9951
-2.5348,5.8143
2.1448,6.6457
3.4357,6.583
-5.5482,4.7536
-6.5019,4.1142
-1.1655,5.6579
-2.7009,5.0328
-1.4107,5.9964
-1.3495,6.0011
-11.943,3.6188
-2.4655,5.4117
-5.4294,4.9525
-8.5659,4.7233
-8.2533,4.7151
1.0106,6.103
-8.798,4.2706
-10.801,3.4974
-3.993,5.319
4.4314,7.1376
-4.8801,5.2784
-3.5539,4.8639
-9.4008,4.2422
2.8528,6.3625
-4.4138,5.0137
-2.5136,5.7308
-9.4656,4.1707
-0.99418,5.7732
-3.1747,5.5445
-10.422,4.3519
-4.8136,4.8623
-7.1135,4.1869
-4.4876,4.777
-6.1752,4.4933
-5.8907,4.6285
-9.8448,4.1717
-6.5164,4.1016
-1.4047,5.802
3.1832,6.4543
-10.443,4.1967
6.1511,7.0396
2.1579,6.4663
-4.2096,4.8972
-6.4128,4.5188
-8.277,4.2563
-1.094,5.7344
-8.258,4.1856
-7.1664,4.8751
-0.85547,6.0029
-2.9552,5.9415
-0.79388,5.7821
-2.6326,5.7851
-6.8804,4.0233
-7.4102,4.6871
-1.2647,5.8688
-8.1482,4.2505
0.56592,6.3346
-1.2913,6.0061
-3.6505,5.5676
-4.9849,5.1215
-3.2851,5.5203
11.542,8.1934
-5.5274,4.5832
-12.301,3.4311
3.9826,6.89
-2.1396,5.8533
-8.039,4.1554
7.2764,7.373
-2.4158,6.3675
-3.6201,5.1067
-8.6484,4.7953
-9.995,4.2494
-13.295,3.1461
-6.9837,4.5642
-9.9395,3.929
-1.9618,5.755
-6.4898,5.0804
3.2973,6.2353
2.0853,7.02
-4.2307,5.3767
-6.3263,4.5739
0.40414,6.0699
-10.378,3.9845
1.5377,1.3107
2.8339,5.3673
-1.2588,-12.694
1.8622,0.99107
1.3188,0.19593
-0.30769,-8.9139
0.56641,-5.3581
1.3426,0.27333
4.5784,13.543
3.7694,10.941
-0.34989,-8.54
4.0349,12.014
1.7254,-2.1281
0.93695,-1.6675
1.7147,3.6684
0.79503,-1.5475
0.87586,-1.3536
2.4897,4.3865
2.409,4.5801
2.4172,4.7005
1.6715,1.1493
-0.20749,-8.5323
1.7172,0.76159
2.6302,5.1049
1.4889,-0.43582
2.0347,3.7631
1.7269,4.6289
0.69656,-5.1161
1.2939,-0.5078
0.21272,-7.4509
1.8884,3.7208
-0.14707,-5.2967
-0.06887,-9.0093
0.1905,-3.0715
-1.9443,-16.684
2.4384,4.7728
1.3252,0.9171
0.24507,-5.2025
2.3703,7.2032
-0.71152,-6.0605
0.89776,-2.2771
0.75855,-5.6093
1.3192,-1.0464
1.3129,-1.7141
0.13512,-6.9036
0.96995,-3.627
0.83512,-2.6385
1.6277,3.6115
2.0933,1.9727
2.1093,2.6206
0.13635,-4.3433
1.0774,-0.047472
-0.21412,-6.8212
-0.1135,-5.6535
0.99315,-0.87896
2.5326,4.3918
0.23033,-4.8961
1.3714,-0.72451
0.77442,-4.2055
2.1174,3.8678
-0.089064,-6.8116
1.0326,-2.101
1.5525,0.87229
2.1006,4.2593
2.5442,5.4688
1.0859,-1.3559
-0.49159,-8.342
0.2577,-5.2726
-0.061582,-7.8016
3.3505,9.6179
0.3844,-2.9064
1.7481,0.6598
0.80758,-0.3157
1.8886,1.7656
0.23515,-5.7643
-0.40227,-9.4976
-0.42238,-9.4489
1.4882,-1.0638
0.82262,-2.33
0.80395,-0.76957
2.4193,5.0847
1.2916,0.44213
1.1978,0.66525
2.5877,1.8381
0.19553,-5.8418
1.6966,1.6018
1.8351,2.7067
0.75628,-4.8229
1.2157,-2.3601
-0.16584,-6.2003
-0.14795,-7.32
1.1049,-0.79639
1.7223,-0.02067
3.5855,7.4734
0.33311,-3.994
1.1873,0.42159
0.91751,-0.21222
-0.93302,-12.725
0.56103,-5.7438
-0.79468,-12.026
1.8404,1.7266
0.11197,-6.8104
1.1001,0.18888
0.45547,-6.3753
1.3035,-2.9391
0.39967,-4.4299
1.49,1.7829
1.7394,0.2651
2.7119,4.0292
0.80588,-3.0711
-1.1384,-13.787
0.16041,-5.7552
2.3546,5.1915
-0.072155,-6.5367
1.961,-0.2014
1.124,-2.1519
2.4367,4.0656
-0.9609,-8.4249
0.8023,-1.6794
-0.20785,-7.5108
3.908,12.818
1.8252,0.33143
2.379,3.7447
-0.05818,-4.8932
0.53138,-2.1213
0.72753,-2.2599
2.0984,3.5921
0.72213,-4.0258
1.7015,2.1423
-1.0518,-12.329
0.64615,-2.8323
0.17641,-5.3333
-0.57706,-7.5896
1.508,-0.27748
1.282,0.11046
1.0335,-0.80006
-0.33368,-9.19
2.1275,3.2804
1.3502,1.6888
0.70093,-3.1971
1.0229,-2.3053
0.738,-2.5749
-0.75021,-10.24
0.71435,-2.6992
0.16863,-5.9194
0.020794,-6.4307
-0.1564,-6.5942
0.46644,-2.5988
-1.0026,-10.414
1.9642,4.5196
1.5201,-2.343
0.97997,-2.6844
0.96523,-1.8443
0.20184,-6.6966
2.0187,0.89615
0.86678,-1.7832
0.28547,-4.4049
2.3514,4.4641
0.77523,-2.4885
0.41097,-5.8023
0.70625,-3.9803
0.15207,-5.9568
-0.12013,-7.9505
3.526,9.806
2.6555,8.5786
1.3075,-1.254
-0.25712,-6.8005
0.13453,-7.263
0.82347,-1.0223
1.7914,0.27932
-0.332,-7.7179
-1.3299,-13.303
-0.4491,-7.8436
1.3335,-0.48418
1.3914,-0.2971
1.4517,3.9338
0.86972,-3.4198
1.1837,-1.2354
0.52385,-0.59338
1.862,0.36217
-0.36169,-7.3961
1.455,-1.3764
0.15129,-4.4558
0.66511,-3.0737
1.5528,1.3502
2.0391,2.307
-0.11764,-6.705
2.2607,5.6209
1.6601,-2.039
0.93213,-4.466
0.80478,-2.3289
0.78239,-3.8454
0.69689,-3.756
1.023,-3.8765
1.0513,-2.9662
1.8261,1.1826
2.527,3.9113
1.4669,-1.0451
0.79029,-3.5018
1.6252,-0.43367
1.1832,0.59967
-0.029768,-7.9415
1.9492,4.6764
1.3071,-1.1136
1.1352,-3.3122
1.5152,-0.49983
1.2614,0.41256
0.058514,-4.8398
0.83766,-2.5186
0.85395,-2.2771
0.46799,-3.5568
2.6821,3.6393
0.12427,-6.7103
0.51618,-6.5982
0.288,-5.7981
-0.17421,-6.0282
0.80776,-1.916
0.72593,-0.2068
2.5301,5.1059
0.75098,-5.9734
-0.064213,-4.5541
2.6035,6.9119
2.2347,2.7853
0.77037,-2.7388
-0.50616,-7.7466
0.55537,-3.4919
0.84406,-1.7805
1.2761,-0.9068
0.73884,-3.2266
1.4434,0.11193
1.3919,-1.2811
-0.25068,-5.7457
0.052039,-6.2574
0.25889,-4.4268
0.49218,-5.4161
0.67942,-4.865
1.0125,-2.0642
-2.0292,-15.966
0.54299,-2.476
2.2424,4.3928
-0.066701,-6.0851
1.9337,0.2903
1.3503,-1.7037
0.97099,-1.8632
1.1825,-1.6392
-0.56506,-7.3361
0.91546,-0.60625
2.6039,4.4494
1.0983,-0.39974
1.0414,0.032188
0.26583,-4.8791
0.96919,0.0088713
1.2323,0.45103
1.4264,0.20198
0.62719,-2.5177
0.76355,-2.8069
3.0237,6.5578
-1.2584,-11.688
3.2294,8.0804
1.3376,-0.96333
2.0001,4.8431
-0.66416,-9.196
0.40997,-1.0432
0.72194,-3.6431
1.4227,0.64871
-0.6702,-7.4223
1.4716,3.7328
-0.21285,-7.0562
1.0662,-2.7476
1.6524,1.9984
1.3271,-2.2743
2.0826,2.5096
2.0061,2.887
0.34909,-2.9586
1.2571,1.0579
0.055622,-6.2862
-0.32179,-6.7258
1.9248,1.7367
1,-1.1252
0.94508,0.28656
1.9111,2.3074
1.5946,0.27805
1.3502,-1.0856
2.2503,4.5739
1.9298,3.9531
1.2398,1.8909
0.30964,-5.0351
0.34845,-4.7163
2.1921,2.5275
-0.61183,-7.1208
0.97554,-2.2099
-0.94885,-11.396
2.0205,5.4817
1.8617,2.9491
1.0012,-1.0471
0.92916,-3.649
-1.4863,-12.614
1.5812,1.3034
-1.1924,-13.311
-1.3193,-12.735
1.0799,-2.176
0.051519,-5.5699
1.4115,-1.4804
1.677,2.487
1.8577,4.221
0.30884,-5.512
1.4494,0.010695
1.1006,-0.87693
1.8261,3.3091
1.5362,1.1033
1.8979,2.5657
0.86806,-3.2324
0.8528,-2.9686
2.0078,3.3464
-1.1237,-9.3302
0.49541,-3.5187
-0.27059,-9.3131
0.61742,-3.1487
1.6487,0.79719
1.8257,1.3929
-0.014944,-6.8572
0.52893,-5.2836
1.137,-1.8078
0.70814,-4.3511
1.3018,-1.1246
1.3999,-0.045176
0.070038,-5.9542
0.82317,-3.081
-1.1321,-11.796
2.1454,3.1987
0.37091,-4.2247
-0.20385,-5.7219
0.74606,-2.3224
-0.42865,-8.8081
0.97914,-1.3028
0.43934,-4.8478
3.1778,5.4443
2.1385,0.017989
-1.4969,-15.503
1.4413,-0.32772
-0.39814,-9.1113
0.74494,-4.1004
1.1644,-1.2064
1.7477,0.49305
0.72695,-4.0628
2.5763,5.8998
0.51906,-3.1293
1.3275,2.6971
1.6647,1.3914
1.0852,-1.5395
1.881,1.2048
1.3232,-0.80378
0.21585,-5.5955
-0.80537,-12.447
2.8586,6.0232
0.39547,-3.7288
1.1034,-2.2899
1.5632,1.1881
1.1136,-0.17726
0.095274,-4.6463
0.53229,-3.0771
0.87511,-5.5515
2.479,3.9087
0.13918,-4.6811
1.7847,2.0531
1.3086,-0.60477
0.76614,-2.4744
-0.056973,-5.2614
0.71586,-3.0752
0.91331,-3.3937
-0.4694,-8.8506
1.1922,-1.4101
0.17771,-4.514
0.90576,-1.8787
1.3362,0.23726
0.095346,-5.8754
0.71174,-3.7764
1.3501,-0.34384
-0.83586,-9.9747
2.036,0.81235
3.4245,9.1467
1.9594,3.5444
0.68423,-3.5667
1.4286,2.0089
-0.035985,-5.9205
2.8779,5.8943
1.9407,2.0295
1.7873,1.179
0.12413,-5.6225
1.3199,0.43813
0.44171,-4.8985
0.68857,-2.795
0.42999,-2.243
-0.025734,-5.3836
0.091254,-4.9976
0.7901,-4.0224
-0.69886,-10.352
1.6076,1.0551
0.8822,-2.6632
1.6992,-1.0035
1.2696,-2.79
1.4943,1.5818
-0.48312,-9.677
-0.020264,-3.8418
0.553,-6.9509
1.1097,-0.91288
2.1287,3.0801
0.71004,-4.3052
2.2616,4.2118
1.4754,-0.91076
2.1741,4.4209
1.1269,-1.3403
0.34318,-7.1244
-0.4814,-11.874
1.1555,-1.6758
1.8186,3.1992
0.70741,-3.077
0.45921,-4.3618
0.69136,-2.4791
-0.096593,-8.778
0.50699,-2.333
0.81926,-3.9958
1.0458,-1.7438
0.93622,-2.768
1.6113,0.94885
1.1093,-4.0804
2.814,8.179
1.312,0.12615
2.8045,8.7791
0.27688,-3.38
1.5265,0.38465
0.73975,-4.4134
1.6001,-1.5997
1.5939,0.69514
-1.186,-11.547
-0.32704,-6.5882
-0.44101,-9.7426
1.4018,0.85972
2.4702,4.7104
0.67319,-4.4942
1.8123,2.6796
1.5455,0.80636
-0.051632,-7.0434
1.3975,2.272
0.24811,-4.5776
2.5163,4.6773
0.96743,-1.7795
2.636,5.4771
0.57494,-3.6831
1.5894,1.2525
0.93721,-3.0809
-1.022,-12.153
0.017868,-5.9425
1.6125,3.25
0.94511,-2.6529
-0.11873,-8.374
0.37362,-5.1343
1.2495,-1.5175
0.006981,-6.9016
1.975,3.0163
0.35929,-5.0552
2.8089,5.3536
-0.079866,-7.4464
1.1992,-2.8532
-0.52103,-9.9817
0.27637,-7.1256
0.40675,-5.3522
1.4013,-1.6294
1.9421,1.3041
1.3005,-1.0469
0.62693,-5.2669
1.8155,1.6441
1.7989,2.0453
1.1202,-2.7333
1.5712,2.0442
1.4128,-2.2406
0.013038,-6.9596
1.7596,-0.546
0.3428,-5.4133
0.39608,-6.469
1.1769,-1.9642
0.6925,-4.3636
0.86818,-4.1608
1.5954,-2.0524
2.0468,3.4583
0.80204,-0.24487
1.3277,2.4157
0.7617,-3.7234
1.2296,-1.0277
1.44,-0.63613
0.38313,-4.6754
1.2748,-1.9787
1.6011,-1.8343
1.0923,-1.6328
2.7298,4.1636
0.39144,-7.2552
0.26294,-2.1759
-0.74988,-10.183
1.9105,2.6315
1.8671,3.4794
0.92011,-4.5882
1.8985,2.5897
1.1837,-0.50959
1.2908,-0.58156
1.1129,-1.283
1.44,-0.71862
1.1017,-0.586
3.7873,9.4186
-0.16667,-8.3035
-0.8543,-9.3848
-0.14068,-4.902
-0.093343,-7.4312
0.56639,-4.6194
0.83153,-2.2183
0.78147,-1.5648
1.5413,1.7165
1.3893,0.10907
1.7512,0.54129
2.7783,6.8352
2.2231,3.399
-0.28326,-5.9531
-1.329,-14.343
1.9019,2.2455
-0.83564,-8.5542
1.0668,-2.3543
1.0355,-2.6669
3.2272,6.7872
0.93079,-2.6802
0.49268,-4.5482
1.2358,-0.75796
1.2458,-2.0624
1.07,-1.5756
0.39142,-5.5375
-0.22259,-7.9895
1.3165,-1.6845
-0.34287,-8.4166
-0.032184,-1.9223
2.3312,8.4982
0.5811,-2.3678
0.85968,-1.59
1.8998,0.35838
0.69989,-4.1238
2.0294,1.8127
0.65493,-2.8447
2.0128,3.1965
1.6293,0.9755
0.78698,-3.4087
0.1343,-7.1204
-0.043108,-6.6869
0.72993,-1.7084
0.56186,-3.4063
0.59133,-3.5996
1.9835,3.2957
0.7023,-2.5668
2.1437,1.0082
0.46838,-4.3675
1.9726,1.8131
0.47775,-7.0409
1.1766,-2.9629
1.9707,1.9452
0.58603,-2.7709
0.56173,-4.2755
3.0034,7.3622
1.951,1.0916
0.568,-6.7979
1.6489,1.0445
0.63992,-4.8786
1.7059,2.7277
2.4158,6.6666
-0.60452,-9.712
2.0289,4.2078
2.458,5.8224
1.0475,-3.6583
2.7463,5.814
1.1554,-0.95533
-0.23712,-6.8752
-1.1935,-10.975
0.66659,-2.6082
1.7135,2.1084
1.3174,-0.98517
1.4136,0.36294
0.42291,-7.5772
1.144,-2.8976
-0.63867,-7.7839
0.23991,-6.2945
0.18121,-5.2512
1.5197,2.3338
0.98584,-3.2396
-0.15553,-8.4689
0.99048,-2.6947
0.31019,-4.5207
0.3333,-5.271
1.8641,0.59516
1.1134,-3.5704
1.3984,-0.69718
1.884,1.6853
1.1803,-1.8969
1.5509,0.13229
1.683,-0.37576
2.1706,3.9943
1.4759,-2.7354
2.4122,4.5464
1.0226,-1.0132
0.95213,-3.3383
2.7013,5.5805
0.49029,-3.9077
0.99715,-2.8259
1.9199,2.1214
1.1498,-0.78069
2.4049,3.0825
2.0341,3.7584
1.2916,0.76
0.2223,-5.0748
1.5667,0.57012
-0.38262,-9.7623
1.2445,-0.24525
1.8084,0.029558
1.213,1.0631
1.8797,2.655
3.0389,7.5253
1.9239,1.637
1.2669,-3.6779
1.6417,-0.69423
1.4255,0.39797
-0.31472,-4.7249
0.58359,-2.8946
2.2247,3.9209
0.95642,-2.9131
1.5824,0.78267
-0.0065001,-5.2563
1.0645,-2.0457
1.6003,3.2039
-0.36151,-9.7411
1.3476,-0.93355
0.81816,-2.7489
0.060465,-8.8127
0.96247,-1.4209
-0.8963,-10.43
-1.128,-11.469
-0.17692,-6.2449
0.0094678,-5.0767
-0.17303,-6.2175
-0.72543,-10.385
1.2882,-0.76461
-0.59418,-8.7063
1.1102,-3.1666
1.7871,0.17126
0.99777,-2.5748
1.0931,-1.4783
0.62184,-1.3325
-0.48268,-7.6174
0.95618,-2.7826
1.9608,1.4915
2.7382,7.8511
0.56979,-0.31979
-0.62732,-9.1015
1.1663,-1.8849
1.3763,-2.1756
0.77305,-1.7315
-0.14891,-6.7868
3.0243,8.6512
-1.3595,-13.82
0.49003,-3.9766
-0.32163,-8.8125
0.36387,-3.176
1.3179,-1.2988
1.138,-1.4944
0.28926,-5.6584
1.777,2.8114
1.6224,1.3675
1.6474,-0.4152
0.57437,-4.7523
2.0486,1.3353
1.6607,1.6422
3.5088,9.7286
2.0635,0.62212
2.1569,0.68363
1.053,-1.815
-0.28839,-6.8754
0.62878,-3.4472
0.24221,-7.4523
0.43603,-6.5907
1.5551,1.6452
0.44322,-4.6978
0.10489,-6.539
0.59067,-2.1008
0.83911,-3.7776
1.4093,0.021177
0.047364,-5.7342
1.3173,0.51253
1.078,-2.7791
2.3244,4.4324
0.78683,0.67661
0.86552,-4.6066
-0.17136,-6.697
-0.38526,-8.5376
1.3105,-1.6968
0.75051,-4.2233
1.5037,0.92551
0.10734,-2.9537
2.9085,5.5382
1.1222,-0.73434
2.047,1.9721
0.77308,-0.40639
0.8375,-2.0107
1.6901,0.9228
1.5558,1.3209
-0.12026,-7.0485
-0.53269,-7.4324
-0.097868,-7.1859
-0.41577,-9.8545
1.0596,-1.4059
0.58875,-1.7856
0.63199,-5.239
-0.36096,-8.4449
1.7796,2.8373
1.4394,-2.5627
0.91038,-1.5759
2.0212,3.5914
0.12602,-5.6505
1.4147,-1.1528
1.3484,-0.44145
1.3493,-0.30508
0.27075,-4.0444
1.3268,0.34853
0.48512,-4.7803
0.10355,-3.8911
-0.20327,-7.482
2.0378,1.5951
0.15406,-6.3867
0.82709,-1.6423
-0.20865,-7.1807
0.70287,-2.1612
-2.232,-16.453
-0.086959,-3.6016
-0.42644,-10.622
-0.014451,-7.1152
0.78673,-3.0711
0.67465,-3.346
2.9444,8.6761
0.42823,-4.2827
0.74997,-3.2771
-0.56932,-8.9712
0.52262,-3.1541
-0.33798,-8.9329
1.0303,-1.2673
1.8531,-0.23144
1.4043,-0.2851
0.29938,-6.3987
-0.63054,-10.201
2.46,4.9438
3.05,5.7369
1.1205,-2.766
0.010098,-8.4598
2.1978,0.44193
0.40734,-4.8674
0.53019,-2.576
1.8864,1.748
-0.38522,-8.543
-0.95675,-12.19
1.4207,1.9876
1.4007,-0.52662
1.0951,0.13997
1.4967,0.71393
2.0822,2.5221
1.9704,3.7986
0.43143,-3.2589
1.81,1.4974
1.1732,0.49399
0.49446,-1.9185
-0.19331,-7.4567
1.647,0.57314
0.64638,-3.056
1.0464,-1.3257
0.20705,-4.5
-0.55051,-9.3154
1.1716,-0.28186
0.93786,-0.89246
2.199,3.6305
1.8017,1.8105
2.0533,1.0806
0.25112,-6.9214
0.063674,-8.1468
-0.26909,-9.3569
1.498,0.035736
3.7891,8.4145
1.7276,4.2453
0.22694,-4.5008
1.8366,-0.97039
-0.12833,-8.6048
-0.42447,-8.5519
1.7174,-1.0374
0.22209,-6.109
1.316,0.86519
2.4065,4.1126
1.4011,-0.28389
1.9297,0.85849
-0.6058,-9.9612
1.6615,-0.81103
3.1385,8.1051
1.5411,-0.16309
-0.54088,-7.8977
0.79686,-1.2774
0.50003,-2.8248
1.383,-0.32248
1.412,-0.81255
1.4055,-1.7945
0.63622,-3.4802
0.40073,-3.4275
0.41041,-5.1042
1.8535,1.6117
-0.85301,-9.5232
0.7927,-1.79
1.2704,-2.6577
0.34723,-4.673
1.4772,0.40658
0.92868,-2.5209
0.061699,-5.0413
1.1614,-1.7556
0.73182,-4.2998
0.59013,-3.4793
0.28868,-4.5927
1.0614,-2.0112
-0.84613,-9.2544
0.60167,-5.8007
0.45645,-5.8679
0.088101,-10.168
1.6527,1.6269
0.26573,-6.6152
1.5406,0.097995
1.9758,3.7264
0.84313,-2.6384
1.2778,-1.3325
1.6395,-0.24459
0.91902,-2.6824
1.5409,1.2315
-0.26256,-9.6874
2.1104,2.9065
0.010437,-5.418
-0.82884,-12.109
2.3845,5.1157
0.93727,-1.3784
1.4489,-1.1468
0.63674,-5.6249
-0.020583,-6.0196
-2.073,-14.759
1.6263,1.5841
0.71332,-2.2809
0.80266,-4.4519
1.4056,0.59758
-0.41935,-9.1543
0.27055,-6.0251
2.1473,1.1047
1.5979,2.1458
-0.28128,-7.5342
-1.2033,-10.587
0.42875,-2.5717
1.214,-2.5414
1.9424,3.0913
1.0937,-1.5951
-0.12231,-5.841
1.3062,0.84305
-0.17233,-6.1901
0.039033,-7.4059
0.34626,-5.1091
-0.22939,-7.1828
0.72903,0.959
0.10005,-4.4271
0.71431,-0.21568
0.53758,-3.5326
0.59021,-3.5638
0.49646,-3.4548
2.2333,2.8517
1.6103,2.3889
1.0591,-1.9427
-0.46695,-10.418
-0.6258,-8.1641
-0.96475,-12.916
3.6052,7.2837
1.9724,2.7572
1.257,-2.1015
0.02576,-7.5889
-0.14636,-7.3729
1.5476,-0.18238
2.5651,4.7482
-0.69334,-9.2601
0.5506,-5.5681
0.91571,-3.9988
-0.992,-13.741
1.8412,1.2694
0.58534,-2.9872
2.9122,5.6758
0.6091,-3.0959
1.4092,0.55609
-0.14243,-5.8303
0.37514,-3.5031
-0.16872,-8.1705
1.3926,-1.3669
2.3018,3.9223
0.40636,-5.5509
1.4364,1.8855
0.49564,-2.4443
1.1021,-1.4147
2.1963,2.8181
1.1203,-0.78299
-0.036843,-7.534
0.1429,-6.0223
0.83013,-3.4662
0.80833,-2.7228
0.13418,-4.4035
1.1807,-0.20481
2.2665,5.2122
0.74883,-4.3403
0.79543,-2.6827
-1.2015,-13.208
0.22549,-4.9762
-0.39327,-7.8389
0.61377,-2.0232
1.5256,1.8193
2.5233,5.7188
2.7985,5.4251
0.88312,-3.1557
0.6798,-6.1548
1.8175,1.0858
1.4902,-1.8463
1.7653,2.6737
1.7783,2.6954
-0.48031,-8.4784
1.5404,-0.068949
0.90846,-2.2227
0.23975,-3.2979
0.3064,-3.3365
2.2815,3.1733
0.19026,-5.421
-0.23682,-9.048
1.2147,-0.50379
3.0108,8.0262
1.0256,-0.69436
1.3083,-2.6383
0.061753,-5.5546
2.6742,4.3907
1.125,-1.9357
1.5301,1.4279
0.047932,-5.8898
1.854,1.6266
1.3891,0.55379
-0.156,-5.0398
1.0397,-2.646
0.5494,-5.8137
1.1092,-3.0459
0.74945,-4.3767
0.8101,-3.7425
-0.032914,-5.8852
0.67671,-6.214
1.7665,1.7615
2.7447,4.8213
-0.16052,-5.7678
3.3774,7.5665
2.5261,4.8773
1.1685,-2.482
0.69879,-4.257
0.30135,-5.4881
1.8328,1.4448
0.30539,-5.82
0.53812,-2.5858
1.8836,2.704
1.4359,2.4159
1.8967,1.6685
1.5047,1.6823
0.5991,-6.5811
0.48615,-3.4677
1.7964,2.0751
0.32881,-5.5153
2.1867,4.2598
1.7907,2.7192
1.2877,0.66208
1.0032,-1.4302
1.3656,0.44042
4.5267,12.978
0.88756,-3.9547
-0.55659,-9.3587
2.9151,6.8647
1.6098,2.0023
0.35209,-5.9614
3.6173,9.1305
1.551,4.4141
1.2942,-1.4997
0.22216,-2.96
-0.06493,-5.5207
-0.76841,-10.696
0.57708,-4.0441
-0.053102,-7.0236
1.6478,1.5413
0.68237,-1.6228
2.769,3.7939
2.5106,7.4748
1.164,-0.23304
0.71724,-3.9986
2.1522,3.018
-0.14651,-6.763
